=== Registro 1 ===
CPF: 11122233344
Pontos faciais: 102,143,185,247,106,217,113,200,26,201,0,7,26,21,96,188,226,202,0,202,199,230,122,249,147,72,145,55,97,67,64,20,219,95,50,183,248,65,231,161,160,9,104,239,253,237,18,115,95,196,122,62,177,59,87,154,172,173,234,232,9,57,167,221,99,102,149,227,79,117

=== Registro 2 ===
CPF: 55566677788
Pontos faciais: 185,162,121,200,112,111,173,18,137,242,192,177,226,46,22,248,184,134,23,41,193,10,88,41,88,175,9,13,7,1,248,253,226,143,112,4,59,131,242,52,98,37,65,155,24,167,242,126,158,61,43,253,4,225,15,61,33,62,115,65,129,205,26,148,6,82,42,86,254,37

=== Registro 3 ===
CPF: 99988877766
Pontos faciais: 228,62,203,240,41,93,181,221,208,96,155,60,43,78,121,192,111,139,212,109,248,168,66,28,125,33,169,45,179,237,233,121,225,250,106,203,6,43,86,177,136,92,113,197,17,83,204,184,128,172,115,21,31,112,57,31,107,168,88,18,148,19,189,128,27,18,172,191,102,35

=== Registro 4 ===
CPF: 12312312300
Pontos faciais: 98,130,92,162,80,156,129,135,89,10,43,14,97,114,211,234,208,122,0,8,244,69,2,213,128,139,255,200,151,159,37,168,89,213,173,244,49,46,164,135,72,156,48,224,27,59,58,122,230,207,139,136,157,43,122,96,164,112,173,106,217,153,32,107,245,125,144,48,221,247

